generation avg_fitness min_fitness max_fitness
1 7.77315 2.14283 13.1592
2 8.53431 2.11027 14.6591
3 9.56267 2.78681 16.1781
4 10.8449 3.38437 16.4273
5 10.5744 4.59199 17.3205
6 10.6549 4.42513 17.4437
7 10.9433 4.96926 18.2246
8 11.1605 4.12979 19.1043
9 11.4048 5.22577 19.5701
10 11.5873 3.86789 18.7556
11 11.8052 4.92497 21.716
12 11.674 5.41144 19.5701
13 10.9612 4.26109 18.3526
14 11.402 4.90171 20.5712
15 11.1025 4.92742 20.6067
16 11.9352 3.83139 22.1854
17 11.8271 4.62272 19.4179
18 11.9836 3.88662 19.5644
19 11.9153 5.85177 20.1138
20 11.6947 4.84488 20.1138
21 11.421 3.80571 20.2234
22 11.3641 5.13312 18.4317
23 10.9298 5.46298 20.1918
24 11.786 4.89096 20.5564
25 11.575 5.4812 20.5564
26 11.6228 5.75142 23.0051
27 11.7699 5.39927 20.6067
28 11.5922 5.27115 20.6067
29 11.7584 5.29681 20.8441
30 11.884 5.32635 20.5564
31 11.9326 5.91747 21.2541
32 11.1412 5.43825 20.3648
33 11.0427 4.46223 22.6131
34 11.4824 3.83113 20.2138
35 11.6142 4.3509 20.2138
36 11.7541 3.13073 21.4128
37 11.8904 4.28915 21.4128
38 11.8545 6.3067 21.8357
39 11.9154 4.37158 22.402
40 11.626 4.39975 20.7022
41 11.4756 5.1091 19.5455
42 11.8379 5.05853 21.8117
43 11.1931 2.71101 22.6707
44 10.9525 5.35393 23.6154
45 10.6606 4.61096 19.9681
46 11.1721 4.78962 24.1901
47 11.0912 4.67758 21.6375
48 10.6452 4.64214 20.8937
49 11.1051 5.79395 21.6018
50 11.8629 4.66355 22.2714
51 12.0026 6.39723 24.1901
52 12.3274 3.82909 24.1901
53 11.9125 4.96777 23.3328
54 11.5923 5.58097 24.0895
55 12.0318 5.73973 21.7651
56 11.5728 5.44336 20.6645
57 11.6227 5.98876 23.6838
58 12.049 4.68535 23.118
59 12.2858 5.89427 20.7022
60 11.6058 5.4812 23.6838
61 11.4616 5.4812 22.3193
62 12.0406 5.96799 21.7651
63 11.4027 4.97447 21.7651
64 10.648 4.92299 20.1694
65 11.1909 5.35859 18.6366
66 11.1054 4.72122 22.3418
67 11.8643 5.1347 23.7935
68 12.1214 4.02956 23.6838
69 11.5706 6.02746 21.2028
70 11.9657 4.28049 20.489
71 12.115 5.67124 23.7935
72 12.1986 5.67037 22.0109
73 11.7052 5.7207 22.0109
74 11.9002 4.52747 22.0109
75 12.139 5.75185 22.0109
76 12.1886 5.39927 20.1505
77 11.4134 5.39176 22.5939
78 11.6441 5.4815 21.7651
79 11.7484 4.60029 23.0709
80 12.07 5.42651 22.0515
81 11.7575 5.45319 22.0109
82 11.4938 5.4812 20.658
83 11.0109 4.93477 20.2351
84 11.5952 5.39927 20.2351
85 12.031 4.73921 23.9701
86 11.8122 5.05066 21.4006
87 11.3852 5.53183 21.6852
88 11.8366 5.06643 21.6852
89 11.2566 4.93373 23.5238
90 12.125 5.93361 22.0515
91 11.6605 4.40015 23.5238
92 11.9467 5.46323 21.4989
93 12.3693 5.67037 23.7804
94 12.2961 5.04365 20.9851
95 12.4171 5.58187 21.1969
96 12.7191 5.96471 22.7908
97 12.3446 4.38927 21.1419
98 12.1716 6.01231 24.2998
99 12.2534 5.37243 23.7935
100 11.3943 4.54024 19.3503
101 11.903 5.0397 19.5299
102 11.4482 4.40684 18.9049
103 12.1711 6.1279 21.09
104 11.7578 5.61266 20.209
105 11.1624 4.84975 20.209
106 11.8575 5.85005 21.3913
107 11.4017 4.67077 21.3712
108 12.1649 4.36977 21.6852
109 11.4529 5.33862 20.9059
110 11.1472 4.64004 19.499
111 11.3719 4.0481 19.8677
112 11.4706 4.80761 21.3336
113 11.3452 5.63947 20.8087
114 12.0353 5.04909 21.6877
115 12.0854 4.54443 18.5485
116 12.395 4.63066 19.9183
117 12.1205 5.40831 20.7765
118 12.3796 5.14068 22.2272
119 11.8675 6.05077 22.6939
120 12.0812 6.14698 20.9734
121 11.5117 2.53367 18.2835
122 11.9473 5.58295 21.4379
123 11.3295 4.60517 19.5197
124 11.9739 5.73032 20.6831
125 11.8679 5.17686 21.9558
126 12.149 3.51501 19.0384
127 11.859 6.42609 20.0248
128 11.5194 5.31787 18.8917
129 11.9671 5.34876 18.5957
130 11.5738 6.19824 19.9444
131 12.2378 4.394 21.8883
132 12.0693 4.51943 20.5168
133 12.1339 3.80749 21.2238
134 12.6331 6.48041 21.638
135 12.5691 5.50297 20.1283
136 13.3491 5.96829 20.4504
137 12.9701 6.19359 22.9793
138 12.5039 4.73961 21.5364
139 12.7726 2.99401 20.5424
140 12.6943 4.88909 20.3621
141 12.9185 5.6347 19.742
142 12.9335 5.90975 21.5012
143 12.9564 6.56543 20.2717
144 12.6862 6.09763 21.349
145 13.2176 4.55257 21.8732
146 13.3362 5.62854 21.8732
147 12.834 3.95308 20.7039
148 13.0852 2.84244 21.9074
149 12.8535 5.47436 22.8793
150 13.2951 5.8812 21.7459
151 13.0522 5.8484 20.8133
152 13.1145 5.77372 22.9252
153 12.3882 4.77894 20.8323
154 11.9377 3.35909 21.387
155 11.4609 3.45434 21.387
156 12.243 4.97365 18.4537
157 11.5244 4.72944 20.6201
158 11.521 5.09075 18.667
159 11.2144 5.09725 18.9404
160 11.2384 5.15846 18.4534
161 11.4448 4.1888 20.6846
162 10.8079 4.14165 20.7263
163 10.8347 5.19577 22.1582
164 11.1213 5.19577 18.7254
165 11.5213 4.80534 18.4881
166 11.6835 3.10984 20.1845
167 11.6942 5.18785 20.625
168 11.7343 4.8697 20.0975
169 11.9855 3.69088 20.0975
170 11.8278 5.66941 19.8085
171 11.7206 5.40527 24.0323
172 12.1383 6.05662 20.4568
173 12.5473 3.97711 21.011
174 12.5779 5.47667 19.8523
175 12.4809 2.69715 20.7694
176 12.0762 5.70418 19.5175
177 12.2075 5.66069 18.7882
178 12.3469 4.83188 19.4065
179 11.8804 5.38296 19.1126
180 12.2032 3.33621 22.3996
181 12.7119 2.71637 20.9606
182 12.9521 5.31864 23.3901
183 12.3849 5.39273 21.9816
184 12.1329 4.25658 22.6368
185 11.5221 4.70015 19.5209
186 11.7057 3.70817 19.7174
187 11.6968 4.49846 20.5673
188 12.0464 4.16217 19.1273
189 11.99 5.26095 18.7101
190 12.5156 4.72383 21.3947
191 11.4696 5.20921 20.3206
192 11.9592 4.56309 20.8075
193 11.8388 4.77981 19.7176
194 11.879 4.43905 19.7637
195 12.3391 5.42112 20.2289
196 12.1749 5.39265 20.4183
197 11.9465 6.38628 21.5577
198 12.3811 4.36813 20.6687
199 12.1256 5.28556 19.8472
200 12.539 3.99004 20.8847
201 12.507 3.80412 21.6501
202 12.8943 5.59642 21.6501
203 12.6027 5.1655 21.2388
204 12.3601 4.79484 20.4969
205 11.9493 3.46689 19.7794
206 12.348 3.84081 21.162
207 12.2129 4.13971 23.4764
208 12.036 3.13436 21.162
209 12.651 3.5463 21.9113
210 12.4411 5.77542 22.9323
211 12.9561 3.84742 21.7834
212 13.0024 4.0235 22.6309
213 12.9704 3.37037 22.3999
214 12.8317 2.63083 22.1751
215 13.0413 4.03169 19.7007
216 13.3072 3.19435 21.0813
217 13.2509 5.76879 21.5895
218 12.8475 4.84375 21.8847
219 12.9523 5.75743 20.7505
220 12.7015 4.55173 19.3245
221 12.178 2.47658 19.3526
222 12.0678 4.92826 22.2403
223 12.4156 5.41563 21.6509
224 12.4559 4.0274 20.2201
225 12.6991 5.39265 19.9898
226 12.9167 4.41416 21.434
227 12.35 5.95561 19.9234
228 12.5648 5.68518 20.587
229 12.5679 5.40692 22.295
230 12.4083 6.25204 20.965
231 13.1674 5.48032 20.8058
232 13.081 5.13341 22.3591
233 13.0068 2.87907 20.9426
234 12.642 4.84601 21.5048
235 12.2918 5.11985 20.9543
236 11.8851 4.10892 20.9543
237 11.8009 4.1724 19.6137
238 11.9523 5.77473 21.4831
239 12.1816 4.84739 21.4831
240 13.001 4.74586 22.2041
241 12.2494 4.95718 21.4831
242 12.3509 4.88037 21.0387
243 11.9714 4.88221 21.962
244 11.6016 4.28228 21.5146
245 11.9375 4.67162 19.9385
246 12.5262 5.70072 19.4576
247 11.7469 5.19562 22.2941
248 11.9681 4.36737 20.3564
249 12.454 6.15058 22.5807
250 12.1552 4.35862 22.5807
251 11.8778 4.93656 21.493
252 12.1366 4.16625 21.493
253 12.6964 5.05188 22.2627
254 12.5398 4.78964 22.393
255 12.6681 5.32012 22.2262
256 11.893 4.01393 19.2221
