generation avg_fitness min_fitness max_fitness
1 12.9709 2.04062 19.422
2 13.746 5.51152 20.9986
3 14.452 6.11551 25.0463
4 15.7022 3.47151 26.7761
5 16.3337 6.68619 26.6511
6 16.741 5.48942 25.5835
7 17.6641 6.12684 25.8675
8 17.74 3.94502 27.5864
9 18.1887 6.53618 27.3415
10 17.9963 6.03578 27.0228
11 17.695 6.17135 26.7862
12 17.5236 5.59106 25.1229
13 17.6082 3.60643 26.2841
14 17.9457 6.9503 26.1158
15 17.6254 6.45847 25.5773
16 18.3665 5.1405 26.3685
17 17.0506 5.06958 25.8099
18 17.3756 5.59064 25.8099
19 17.1562 4.23661 25.3812
20 17.1045 3.91827 24.8964
21 16.7706 4.89673 25.4813
22 17.2763 5.17184 25.6932
23 16.4511 3.35285 24.5391
24 15.9093 4.0935 24.2374
25 15.2652 2.45949 23.9126
26 15.8082 2.74507 26.6107
27 15.7966 2.49083 23.7934
28 15.7659 4.3377 25.3033
29 15.312 3.21571 24.4215
30 15.6713 3.59987 24.924
31 15.7291 4.64062 24.7745
32 16.2574 4.20503 25.365
33 15.6648 1.29041 26.1681
34 15.9943 4.78404 24.2049
35 17.1952 4.62972 26.2318
36 16.6151 4.68359 26.2318
37 16.632 2.85967 25.9727
38 17.1134 5.06475 25.2968
39 16.4842 4.51038 25.2968
40 16.1589 3.15158 24.397
41 15.8382 3.05981 24.4254
42 15.9113 1.85326 25.5367
43 15.9245 3.47228 23.0889
44 16.0851 3.92321 24.9216
45 15.9609 4.93639 24.6264
46 15.9467 6.12928 22.5612
47 15.5285 3.1395 24.72
48 15.198 4.28206 23.2775
49 14.9431 1.18257 23.7857
50 15.4888 3.01819 25.4976
51 15.587 5.52567 24.0309
52 15.508 3.89602 24.7138
53 15.8423 5.13739 25.6124
54 15.5328 3.27246 24.6218
55 15.8661 2.85004 24.1693
56 16.0104 2.37404 24.5442
57 15.469 3.71004 23.8686
58 16.2511 3.72787 25.9197
59 16.4409 4.56502 24.2151
60 16.3233 4.87824 24.2151
61 16.7101 1.44078 24.4046
62 16.9056 2.61004 24.553
63 16.7326 4.55588 25.1914
64 16.8775 3.09644 25.7804
65 17.6756 6.93959 26.2683
66 17.3702 6.10556 26.4507
67 17.7213 7.0485 25.916
68 17.4167 2.68595 26.2683
69 17.6676 5.21995 26.3132
70 18.1487 3.76999 27.6464
71 17.7624 3.95584 25.6133
72 17.064 4.40528 25.8671
73 16.6458 4.71549 27.4655
74 16.6418 4.37204 26.1675
75 16.7482 2.87341 24.0885
76 17.043 7.50571 24.8443
77 16.7715 5.18986 24.1659
78 16.2138 6.06943 24.6148
79 16.5564 5.09653 25.4952
80 16.2284 4.15138 24.9475
81 16.1863 6.11356 25.2461
82 16.6749 5.68456 26.8365
83 16.7527 6.58551 25.7669
84 17.3589 4.55419 26.5783
85 16.9456 4.53988 24.3913
86 17.1906 6.67013 26.199
87 17.5009 4.83653 25.1095
88 18.0957 5.00925 26.1672
89 17.2134 5.09704 24.3466
90 17.1667 5.36638 24.8777
91 16.5023 6.87086 25.7146
92 16.8285 6.2913 25.6872
93 17.2407 5.48955 25.1169
94 17.6685 5.98807 26.0799
95 17.6652 5.09493 26.0799
96 17.8713 4.45262 25.7995
97 17.8264 6.87768 23.9948
98 18.1077 5.69988 24.5884
99 18.5003 4.28139 24.6196
100 18.0621 4.38859 26.2991
101 18.3054 8.0492 26.6265
102 15.9411 1.76272 25.861
103 16.6542 5.44074 24.8473
104 16.7753 1.59726 24.0173
105 16.9137 3.01193 24.0411
106 16.4891 5.45476 25.3772
107 16.4821 4.02779 26.6681
108 16.1086 2.50864 24.0564
109 16.0485 2.65477 24.2234
110 16.1485 4.08205 23.883
111 15.2434 4.50238 23.6006
112 15.8061 6.1561 24.3768
113 16.0379 0.814898 24.4807
114 16.3125 5.40054 23.6343
115 17.5819 4.99383 24.7387
116 16.9737 6.71668 25.1674
117 17.1241 7.23883 26.0535
118 17.5742 4.86264 25.8971
119 16.7667 6.21851 24.9685
120 17.0014 6.12155 24.8663
121 17.2586 3.94912 24.8537
122 16.6976 7.78949 25.5884
123 16.8799 5.25069 25.3308
124 16.7933 3.5064 24.8465
125 16.3669 1.93181 26.1028
126 16.8104 5.41992 26.1028
127 17.4886 3.52963 25.854
128 17.177 5.82225 26.1951
129 16.7908 3.97524 24.4976
130 16.4215 6.49635 25.7694
131 16.7642 4.14801 23.6182
132 16.8176 4.80669 24.7163
133 17.4146 6.04243 25.098
134 17.1022 2.57435 25.5994
135 17.262 5.62525 25.6007
136 17.076 6.04844 25.1839
137 17.291 3.2778 27.1597
138 17.7654 6.87217 27.1597
139 17.1095 3.96823 26.6432
140 17.3212 6.69651 24.3981
141 17.2173 5.83741 25.1429
142 17.5084 6.64873 25.6646
143 16.2025 1.3993 25.9049
144 16.7116 3.35304 24.6374
145 16.8482 5.1523 26.0297
146 16.1264 3.9442 24.5087
147 16.3957 3.93843 24.242
148 16.2823 4.38756 23.9388
149 16.5948 4.11045 25.4856
150 16.6067 6.92898 24.8123
151 17.2648 4.71257 25.6061
152 16.5939 3.38304 24.9269
153 16.42 3.90134 26.1414
154 16.3816 2.46013 26.56
155 16.1814 4.80648 27.5093
156 16.7313 2.84219 26.5498
157 16.1335 2.47049 24.3928
158 16.8038 2.97192 25.311
159 15.7775 4.57214 27.4527
160 16.5866 3.31366 23.8839
161 16.033 4.30102 26.0666
162 16.4486 6.34234 26.1829
163 16.8362 3.84961 24.1566
164 17.0698 5.14539 25.4753
165 17.9395 2.56603 25.5477
166 17.1719 1.07126 24.6202
167 16.9734 3.1988 25.965
168 17.3838 5.24591 24.8938
169 17.6145 0.682735 25.7247
170 17.6409 5.30356 25.7247
171 16.9976 3.33103 25.0784
172 16.6445 7.60118 23.502
173 17.1243 3.0162 24.5774
174 17.4309 6.6476 25.673
175 17.6086 4.07428 25.6078
176 17.3192 2.73525 24.9119
177 16.7888 3.44942 26.154
178 16.7468 6.68112 24.2198
179 17.1996 6.77678 25.6095
180 17.6496 7.75574 26.4223
181 17.8688 6.19756 25.6506
182 17.1936 5.20926 25.6506
183 16.9588 3.97199 26.4337
184 17.5074 3.2249 25.0908
185 16.3032 3.24924 24.588
186 17.0537 4.1555 24.8578
187 17.2679 8.0438 24.7682
188 17.1636 5.14893 25.1571
189 17.1894 4.91958 25.1734
190 17.8454 5.34669 25.3708
191 17.8614 4.29804 24.5502
192 18.2194 5.82053 24.9088
193 17.2566 3.89062 25.6567
194 16.9683 4.97331 24.7538
195 16.9387 3.8321 24.974
196 16.8509 5.74994 25.348
197 17.9187 6.83925 24.7236
198 17.5528 8.83938 25.8839
199 17.645 5.69825 25.6849
200 17.3352 5.00555 25.1641
201 17.7862 8.12605 26.3126
202 17.4703 4.09039 26.5026
203 18.3547 6.55859 25.9848
204 17.7939 5.1657 26.878
205 17.3637 4.0963 25.5732
206 17.6738 5.85654 25.8154
207 17.3048 3.29556 25.7011
208 17.3227 3.92006 24.5325
209 16.7818 4.48532 25.4118
210 16.4808 4.68263 24.0309
211 17.6378 6.98165 26.5534
212 17.4634 4.08474 24.1812
213 17.1873 4.1254 25.7652
214 17.052 4.65462 25.6538
215 16.8443 0.652547 24.8444
216 16.6113 7.62042 24.8023
217 16.6268 2.88008 23.8987
218 17.3354 6.17444 25.1646
219 16.6 4.23915 25.4708
220 16.6456 5.17358 25.7721
221 17.5263 5.31422 25.4632
222 17.8803 6.16683 26.4314
223 17.7614 5.94824 26.4314
224 17.4687 3.70814 25.4159
225 17.8868 6.40212 26.5587
226 17.9929 6.87549 25.6513
227 18.4208 8.02353 25.7661
228 18.0639 2.58274 27.0873
229 17.5945 6.04567 26.6777
230 18.2439 7.07429 25.6545
231 17.5072 7.41039 25.1204
232 17.6612 5.76367 24.156
233 17.4126 6.81846 24.8702
234 17.3127 4.01093 26.2778
235 17.3668 4.9188 26.5943
236 18.3237 5.26445 27.0131
237 18.2429 5.42964 27.7692
238 18.4976 7.23625 26.596
239 18.8006 8.88539 26.9033
240 18.2073 8.41375 26.6857
241 19.037 7.65541 27.7665
242 18.8412 5.58753 28.274
243 19.419 6.56278 28.0898
244 18.8708 5.73942 26.8909
245 18.2005 4.29079 25.8533
246 18.3628 7.63298 26.2385
247 18.4445 7.0042 25.6895
248 18.4735 6.82901 25.4556
249 18.2524 3.58841 27.0291
250 17.2777 3.47024 27.1242
251 17.903 7.24 27.0291
252 17.6874 6.55986 27.0639
253 17.6833 7.84631 26.619
254 17.783 2.20748 26.4377
255 18.1506 4.53503 26.4438
256 17.6625 4.71063 26.3376
