generation avg_fitness min_fitness max_fitness
1 12.799 5.93861 18.9168
2 13.5414 4.8054 20.789
3 14.4296 5.48513 21.8254
4 15.7495 4.3275 25.1508
5 16.7294 7.41773 24.65
6 16.6938 3.80306 23.9764
7 15.5298 5.23158 24.5083
8 16.5178 9.42603 23.3689
9 16.9676 6.49181 24.0544
10 16.1417 5.21412 23.4992
11 16.843 4.41336 24.3718
12 16.6731 6.32149 24.688
13 16.4544 7.3506 24.4881
14 16.2533 5.80264 25.3519
15 17.1576 6.83727 25.1254
16 16.5393 5.39326 25.3796
17 17.6626 8.18516 26.1502
18 16.9196 5.25339 25.386
19 16.7101 6.60427 25.6375
20 16.8708 2.03109 23.0934
21 17.0425 6.57783 24.2748
22 17.0553 5.84759 24.3155
23 17.7826 6.24346 26.1185
24 18.2019 8.11603 27.6581
25 18.348 6.11273 26.3311
26 18.2411 3.41735 26.1177
27 17.8783 6.8131 26.5387
28 18.0531 8.97654 26.6072
29 17.6818 6.15098 24.2456
30 17.7939 5.33959 25.1693
31 17.9193 6.66406 28.4622
32 17.6865 4.24335 26.0113
33 18.0284 5.86602 27.9865
34 17.5965 5.72973 25.0623
35 17.3751 7.57036 26.584
36 18.1254 6.34464 26.2466
37 18.1402 4.88606 26.8333
38 18.0587 3.81994 26.1178
39 17.7757 5.94934 26.4101
40 17.367 5.23116 25.5758
41 16.9015 2.95494 25.5758
42 17.3433 3.90529 25.5288
43 17.8188 5.78607 26.9788
44 17.7149 4.47707 26.5223
45 17.9243 9.24914 26.3285
46 17.711 6.13074 25.6404
47 18.2568 5.28139 25.5835
48 17.8553 5.82331 26.1243
49 17.4563 5.62792 25.435
50 17.3558 5.52029 25.3889
51 17.6314 5.81302 25.1598
52 17.4599 5.8459 25.6207
53 17.4602 6.92993 25.5303
54 17.7206 6.64647 26.7746
55 17.3899 5.26368 26.7746
56 16.9541 6.45977 25.5181
57 16.4826 5.86546 25.5181
58 16.9714 5.99588 26.063
59 17.0826 5.05802 25.158
60 17.1654 6.28541 25.5893
61 17.1883 3.59189 26.1827
62 17.2142 3.81866 26.1152
63 17.4834 7.09256 26.0893
64 18.0537 8.61029 24.8177
65 17.8277 4.64632 26.0521
66 17.1648 6.05743 25.5371
67 17.2843 5.98477 27.417
68 16.838 6.70682 26.6339
69 17.9365 7.81077 27.417
70 18.8836 4.7321 25.9217
71 18.1904 6.54977 27.1636
72 17.9109 6.40084 27.1842
73 19.3134 10.4162 27.3308
74 18.7113 5.37623 27.3308
75 18.9203 6.54262 27.2028
76 18.7318 8.58863 27.2665
77 19.6166 5.41854 27.9856
78 18.4667 7.12077 28.4428
79 18.897 7.83566 26.1908
80 18.5069 7.8685 25.7652
81 17.7268 5.69856 25.827
82 18.4177 6.65707 26.7062
83 17.792 7.2278 26.7062
84 17.8003 5.44068 26.1167
85 17.5871 7.65392 25.4605
86 18.0351 7.81025 26.5695
87 18.1921 6.2937 25.3276
88 18.1558 5.96758 26.6771
89 19.1879 10.1691 26.1914
90 19.1834 8.30238 27.1437
91 19.1691 7.39055 25.8368
92 18.7106 5.17574 26.5964
93 18.3816 7.05749 26.7142
94 17.9511 8.47408 25.1659
95 18.281 6.26332 25.6908
96 17.5377 3.44629 27.3356
97 17.8962 5.14401 26.745
98 17.716 5.9212 26.5472
99 18.5003 8.35743 25.8183
100 17.6298 3.0681 26.5472
101 17.9632 8.74137 26.1736
102 18.2663 4.03768 26.4222
103 18.533 6.08405 27.3862
104 18.9264 8.28722 27.3862
105 18.5894 9.10656 26.466
106 18.9201 8.48358 26.245
107 18.9281 4.41424 27.6317
108 19.425 8.81742 27.579
109 18.6688 6.17393 26.6375
110 18.3758 9.09618 24.4839
111 18.4147 9.03946 25.7761
112 17.9902 8.18578 25.9242
113 18.4536 5.40482 25.7059
114 17.9358 6.38146 26.0901
115 18.4696 7.35973 26.9203
116 18.9627 7.61831 26.4027
117 18.6474 4.96795 27.0773
118 19.4025 5.92053 27.0773
119 18.6482 6.73928 26.7066
120 19.3826 7.25068 27.6033
121 19.734 8.93319 26.6214
122 19.2696 8.19291 26.6972
123 19.0222 5.80022 26.739
124 18.4595 6.02681 26.0536
125 18.2854 9.18834 26.5846
126 18.4711 10.6249 26.598
127 18.7135 9.61124 26.5876
128 18.2197 7.66036 27.5176
129 18.2969 8.08954 27.2455
130 18.8311 10.1284 25.988
131 18.5516 8.16806 26.3757
132 18.3609 7.38001 26.9825
133 18.3619 7.35962 26.5411
134 18.206 8.53618 25.5745
135 17.5518 5.94344 26.0062
136 17.4493 9.15915 25.662
137 17.4437 7.25027 26.1149
138 17.158 7.99907 26.3977
139 18.5861 8.68603 26.092
140 18.5494 8.54465 26.1379
141 18.2645 8.23501 26.6488
142 19.15 6.55797 26.6488
143 18.5359 7.53899 28.4781
144 18.4634 8.51696 25.945
145 19.2054 7.35153 28.1538
146 19.6862 10.2692 27.3929
147 19.1538 6.05784 26.734
148 19.3687 9.56104 26.8428
149 19.1245 8.02668 28.0542
150 19.3295 10.9777 26.8348
151 18.9127 7.47904 27.9646
152 19.1363 9.77958 26.7053
153 18.803 9.61407 27.561
154 19.1623 4.82318 27.1815
155 19.4378 8.0512 27.7068
156 18.9664 8.65224 28.5246
157 19.9101 7.67129 27.5906
158 19.508 6.54189 27.0596
159 18.8766 7.71954 27.027
160 18.4058 7.16794 26.6908
161 18.6868 7.43533 27.9674
162 18.6947 5.96103 27.0752
163 19.2708 7.98013 27.17
164 19.041 6.04883 27.5972
165 18.2754 8.06063 26.4416
166 18.321 6.82306 24.9988
167 18.3386 5.52377 25.796
168 18.033 7.66226 25.5605
169 18.2661 8.28198 27.4025
170 18.8946 9.30052 27.4025
171 18.7786 7.04552 27.4025
172 18.8221 8.97758 26.4353
173 18.8363 7.01656 26.6964
174 19.5441 7.87529 26.2458
175 18.5958 9.49736 26.8765
176 18.6616 4.98599 28.0454
177 18.5854 5.53196 26.1224
178 18.1674 7.18644 27.3922
179 18.1949 8.17363 25.8494
180 18.5158 6.49782 26.3446
181 18.2218 9.65112 25.8052
182 17.9522 5.46687 26.5438
183 18.5626 8.11647 25.6187
184 19.1334 9.46263 27.0851
185 18.8127 7.95127 26.1347
186 18.3075 7.57794 26.8254
187 18.411 5.66578 26.9575
188 18.6888 6.65452 27.2392
189 18.5374 6.88118 25.4666
190 18.26 8.11593 26.8155
191 18.0129 6.8459 26.8445
192 18.5889 7.59786 26.4536
193 18.5757 8.20738 28.2663
194 19.0769 4.41413 25.6363
195 18.9207 3.7366 26.4543
196 18.6015 8.98626 27.429
197 18.3921 6.78703 26.8228
198 19.5773 5.352 26.8228
199 19.3207 7.56058 26.7128
200 19.3556 4.63593 27.2841
201 19.3372 8.268 26.6363
202 19.1665 7.48616 26.9096
203 19.4934 6.75917 27.2422
204 19.2505 5.62807 26.2816
205 18.7409 7.7116 27.0658
206 18.3656 5.60612 25.2607
207 18.525 8.17937 27.5035
208 18.1688 6.14662 26.3092
209 18.4491 7.50878 26.2936
210 18.6499 6.6627 27.6566
211 18.8665 6.85468 26.3201
212 18.8325 9.34298 27.4797
213 18.6988 9.5259 26.3858
214 19.2203 5.0907 26.1641
215 18.5521 4.60568 26.5793
216 18.88 8.66691 25.9709
217 18.6697 8.65458 26.8317
218 19.2169 7.786 26.1564
219 19.0596 6.80514 26.8605
220 19.1845 5.55489 28.3951
221 19.1312 4.21964 26.9259
222 17.8638 3.29771 27.7666
223 18.7199 5.00564 25.5997
224 18.6766 6.19452 27.198
225 19.2284 8.12305 27.772
226 19.3133 7.8427 25.9681
227 19.2105 6.13209 27.3655
228 19.6406 6.6961 28.3929
229 18.9058 7.47028 27.772
230 18.2344 5.1433 27.6642
231 18.3115 5.70023 26.1105
232 18.37 8.74039 28.7338
233 18.2132 7.7884 26.4818
234 17.8631 6.46054 26.9775
235 19.0295 8.31349 27.9628
236 19.4436 6.19137 27.7008
237 19.0025 7.9312 28.6093
238 19.5102 7.4306 28.1836
239 19.4952 6.01202 28.2344
240 20.6555 9.16096 28.7294
241 21.2464 8.6892 27.1122
242 20.5581 9.68208 27.6173
243 20.6962 9.02855 28.1126
244 19.9925 7.54321 28.1836
245 20.5675 11.4268 28.155
246 19.5665 6.81638 28.1752
247 19.7846 7.25727 27.1067
248 19.3869 6.39998 28.8133
249 19.9038 6.16109 28.8166
250 19.1722 8.43636 27.2594
251 19.2711 6.04995 26.0138
252 18.5874 6.91483 26.1575
253 19.3323 6.24091 25.8332
254 18.4981 6.15385 26.833
255 17.8927 6.16669 26.0788
256 18.3147 8.26906 25.5929
