generation avg_fitness min_fitness max_fitness
1 16.4858 6.48838 21.9427
2 16.9352 7.91176 26.4096
3 17.607 8.84263 24.9891
4 18.4029 7.91938 26.6789
5 18.1754 7.05637 26.3208
6 18.8524 8.07833 25.6343
7 19.5656 10.3773 27.1616
8 18.8341 6.73554 26.298
9 18.6434 8.12842 26.2854
10 19.2474 9.09881 27.7126
11 18.4396 9.52691 25.9168
12 17.7941 6.25171 25.8039
13 17.8349 9.06538 25.4734
14 18.4862 9.36399 27.4441
15 18.4052 6.47023 27.7959
16 19.2172 7.5449 26.162
17 18.5891 8.4215 26.2389
18 18.5213 8.82565 26.7548
19 18.6583 8.27632 26.6217
20 17.7858 6.22832 27.4417
21 18.0691 7.5748 27.0191
22 17.7842 7.02046 25.5998
23 18.5806 8.75989 27.92
24 17.7969 8.57782 25.3272
25 17.2039 7.37629 24.9818
26 17.7339 9.26024 24.9818
27 18.1479 7.904 25.5481
28 18.7055 5.41007 25.2563
29 18.0396 8.36888 27.0266
30 18.6406 7.42256 28.1044
31 18.2896 9.11965 26.9288
32 17.7776 8.45119 25.5954
33 18.5243 8.0798 25.5669
34 17.7083 7.30319 26.2001
35 18.1542 7.11136 25.4537
36 17.7824 9.39647 24.6553
37 18.3269 8.55859 25.2413
38 17.9073 8.25584 26.6514
39 18.0333 7.53176 25.3118
40 17.7754 7.78347 26.8886
41 17.9485 7.19902 25.6731
42 17.9923 5.74336 25.199
43 17.9497 8.03449 25.5155
44 17.4077 7.89143 23.9585
45 18.0084 6.86833 27.5292
46 18.5646 9.74312 25.8236
47 18.148 7.81817 25.425
48 18.9303 8.50899 25.4103
49 17.3898 6.84993 26.4019
50 18.2027 7.71157 26.1526
51 18.2224 9.01344 27.6114
52 18.2974 6.76289 25.5552
53 18.2862 8.44942 25.6759
54 18.0791 6.796 26.1095
55 17.7812 6.08713 26.7857
56 18.7405 8.5798 27.3299
57 18.8633 9.75509 26.7243
58 18.251 6.85155 25.8133
59 18.3686 10.6148 24.7957
60 17.8545 7.31488 25.79
61 17.7124 7.06539 26.2249
62 17.5977 8.3363 26.3232
63 17.5866 6.7817 25.3894
64 17.5221 8.54725 24.9949
65 17.5362 6.59574 25.7007
66 17.916 6.54956 26.9939
67 18.0669 6.5458 25.8437
68 18.6615 6.38741 24.139
69 18.4876 9.91887 26.629
70 18.8872 10.1558 26.0998
71 19.0466 7.75307 26.1864
72 19.5601 8.84257 26.2916
73 19.0593 8.63242 26.8976
74 18.617 8.92682 26.8106
75 18.6405 8.68261 26.6497
76 18.8067 7.42711 26.4346
77 18.9213 6.49996 26.1974
78 19.0098 9.7618 26.4147
79 19.1616 9.89022 26.3108
80 18.9314 6.98514 26.6951
81 19.2363 6.07729 26.4228
82 19.1516 6.97486 25.6172
83 18.7153 7.81206 26.3545
84 18.7698 9.4748 28.0062
85 19.4061 9.06189 26.3875
86 18.4779 8.41794 26.455
87 19.0291 11.0842 25.7676
88 18.8753 9.01391 25.9465
89 19.4533 10.8872 27.1398
90 19.6154 11.1556 26.7101
91 19.3679 9.37279 27.2339
92 19.3799 11.0631 27.5324
93 19.3285 7.6994 27.6517
94 19.4219 7.76685 27.0517
95 18.7377 9.24462 26.7908
96 18.7274 8.59874 26.7693
97 18.7767 9.55397 26.2602
98 18.3914 7.37474 26.8929
99 18.5511 6.55355 25.004
100 18.4707 9.49409 26.4492
101 18.4972 10.4778 26.578
102 18.1155 8.57695 26.529
103 17.9832 8.47264 26.0289
104 18.6331 9.30712 25.8359
105 18.8573 9.19222 27.0783
106 19.1974 9.84833 26.6995
107 19.3737 8.7464 26.6995
108 19.1714 8.47166 27.1182
109 18.8839 7.61275 26.7603
110 18.1857 7.56973 28.2184
111 18.9308 10.1749 27.3006
112 18.8507 9.73226 26.8027
113 18.526 9.06759 26.7277
114 18.8201 7.20687 28.4437
115 18.531 8.37354 26.3467
116 19.0055 8.93931 26.9005
117 19.2107 9.2811 26.4821
118 19.3333 6.79124 27.8934
119 18.4089 9.41033 25.6259
120 18.8283 8.15546 25.4506
121 19.2947 5.89676 26.5289
122 19.2404 8.79115 28.0753
123 19.3436 9.03089 25.9366
124 19.1047 9.2561 26.1616
125 19.293 9.35764 28.1275
126 19.0208 8.46064 26.5864
127 18.96 10.0373 26.3752
128 19.0538 9.46609 25.196
129 18.3307 5.7239 26.2891
130 18.0749 8.8659 27.7808
131 18.1159 9.29433 26.8172
132 18.4518 9.74342 28.6208
133 19.2416 10.7698 27.5412
134 18.8802 10.3592 26.8507
135 18.7455 4.70864 26.7798
136 19.1822 7.69396 25.9425
137 19.3348 8.71148 25.8917
138 19.279 9.35741 27.8662
139 19.1884 10.5438 26.8135
140 19.0208 9.33164 26.9734
141 19.0579 9.95546 26.9734
142 18.7171 8.99935 26.3906
143 19.6767 6.62051 28.1119
144 18.5263 7.44241 27.363
145 18.8701 9.1766 26.6793
146 19.1958 8.46863 27.0917
147 18.9688 4.96357 27.7129
148 18.4579 9.96531 25.5607
149 18.3511 7.45673 25.4639
150 19.1131 9.71557 26.7561
151 18.5822 9.08655 25.5769
152 18.466 8.77595 26.2906
153 19.2984 10.1626 28.863
154 18.6209 9.57467 26.4097
155 19.2586 6.47073 27.3453
156 19.4901 5.98785 25.6884
157 18.9544 11.3192 27.3095
158 18.6586 8.07936 26.5657
159 19.1431 8.673 25.5835
160 19.4309 10.7687 25.9676
161 18.9864 10.7045 25.9717
162 19.3337 7.74909 26.6501
163 18.9725 5.92648 27.072
164 19.2144 9.20347 27.6928
165 19.1091 9.27755 27.1122
166 19.1986 10.1692 27.4262
167 19.4854 7.43158 25.8779
168 19.0111 10.3279 26.1728
169 18.9821 8.92243 26.6468
170 19.1787 8.20463 28.1031
171 19.5465 8.62445 26.5712
172 19.79 11.1915 26.1482
173 19.312 10.1217 27.7088
174 19.1677 6.74385 27.0052
175 19.8189 9.12829 28.2138
176 19.9747 9.47444 27.0427
177 19.4051 6.54139 26.8885
178 19.2816 9.90152 28.2797
179 19.3832 9.5971 26.5331
180 18.5075 8.63986 26.3953
181 17.7457 7.91143 26.5728
182 17.744 7.17169 27.7763
183 17.5551 9.25715 26.5972
184 18.1722 7.71296 26.9035
185 18.4982 9.56701 26.9035
186 19.2703 8.658 25.8045
187 18.9021 8.08541 25.5975
188 18.2861 7.16269 26.3871
189 18.6318 8.65039 26.6299
190 19.0934 9.24282 26.9705
191 19.0328 9.80486 28.6034
192 19.1469 6.44503 29.6361
193 18.8563 8.50692 27.0119
194 19.2884 9.75659 28.1162
195 19.2623 9.86923 27.0583
196 18.9447 7.296 26.7077
197 20.082 8.96549 27.2151
198 19.4385 8.93583 26.8007
199 19.5509 7.55493 28.1556
200 19.252 9.87877 26.4757
201 19.0107 9.03064 26.972
202 19.6192 7.75557 26.5276
203 19.7151 6.92742 28.1971
204 19.9206 10.772 27.9342
205 19.4688 10.798 27.5415
206 19.6382 10.2549 27.805
207 19.7377 8.15975 27.8885
208 19.4473 7.8044 27.8323
209 19.0916 6.56716 28.5866
210 18.9392 8.09521 28.5865
211 19.0659 7.27551 26.7642
212 18.8503 10.5368 27.0128
213 18.6547 9.70521 26.63
214 18.4968 10.4957 25.486
215 18.2802 8.20179 27.3442
216 19.3592 10.2306 27.3442
217 18.9562 8.50115 27.2795
218 19.4129 10.0647 26.995
219 19.968 7.96384 27.5576
220 19.6064 10.8305 28.1161
221 19.8177 8.52903 28.307
222 19.4849 6.70865 27.4275
223 20.2554 8.79448 27.9526
224 20.5771 11.7786 27.9207
225 20.0866 9.07166 27.1931
226 20.3037 7.36034 27.0627
227 20.7206 8.83447 27.5668
228 20.0869 10.4975 27.2822
229 18.6576 8.32431 26.7618
230 18.9198 10.497 27.468
231 19.1804 9.30669 27.5017
232 19.0581 8.86308 27.1943
233 18.8833 8.20352 28.1597
234 19.2561 6.69906 28.1597
235 19.0142 10.0127 25.6849
236 19.4659 8.97845 27.5509
237 19.0891 9.29436 27.5509
238 19.5421 7.21016 27.6347
239 19.9854 8.83928 28.1697
240 20.2147 9.00725 28.6787
241 19.6439 7.71309 27.1835
242 20.3488 9.12671 28.6116
243 20.0862 8.21598 28.1109
244 19.7712 7.96764 27.003
245 20.2959 12.2508 28.1579
246 20.3939 11.5694 26.3759
247 19.8341 9.17293 26.3993
248 18.499 9.23901 27.752
249 18.3982 7.58064 27.752
250 18.4535 7.93773 26.7006
251 18.5635 9.79117 27.6942
252 18.9374 7.90715 26.2399
253 19.1643 9.94812 26.403
254 19.2538 8.69059 26.251
255 19.4937 9.03496 26.6092
256 18.8677 7.89602 27.3291
